164 EP1ST. P. NADAL—53

111111110311161116 1131313 CompaffiaJ y en fin el mismo tuuo arte que el
111011151οο1 general 16 101113556 3 11311131, y 16 101113556 611 511 0111010;
y tamen tornando, 5161111116 111110 11101111301011 3 13 Compafiia, y en
el 0111010 511570 110 6513113 351 1611053οΟ y quieto 065111165 06 10111300,
0116 110 16 016556 61 31111110 11135 310 0116 56 31113 0113 1162 061611111113-
00, 0116 611 1111111 611 301161 651300; 57 11316013, segt'm 10 0116 61 1116
01110, 01161111110113 Dios 16 31113 0611300 1013111161116. Τ1316 0011 61
largo, y 16 50116 10035 5115 01111011113065 11111101113111161116 11113 0116 10-
13111161116 16 161113 31300, 0116 65 511 enfermedad de 0131103 0116 116116,
01216110016 0116 13 Compafiia de 30116113 111311613 16 30061113113. F 1-
nalmente yo 16 1110111156 (110 1131131100 0151105101011 ninguna (1116 1101
6111011065 1111016556 113261 0113 111111301011, y irse 3 63110131 0116 11611-
53556 51 56113 11116110, 1101 01111111111 13 obligaeidn (16 511 11010 0116
31113 1160110 06 561 06 13 Compaffia 0 06 S. Ι-Ι16101111110, 0116 1116ςο
11121656 105 110105 301113165 06 110111623, 03511030 y obedientia 3 13
(301111131113, 0011113110056 611 Dios y 61113 (30101131113, 0116 16 gouerna-
ria 3 11135701 561111οἰ0 (161 361101 y 3 11135701 011161110 06 0011501611-
113 y orden de sus cosas. El, 065111165 06 111110110 11311310 0116 111110
611 11611531 6510, 56 confess& 0011 111111 ἶ(1113101311 06 S. F 1311015οο,
persona spiritual, 3 (1111611 105 1111651105 3111311 0300 105 61161010105,
y 56 00115610 0011 61, 61 01131 16 00115610 0116 10 061113 113261, y 356
06161111111300 06 11326110. Se 1110111610 065111165, 01216110016 570 1111157
51111111611161116 5111 ninguna 1161511351011 0116 111113556 111611 611 6110, y
111Ζὶ6556 111161311161116 10 0116 Dies 16 016556. Dixele missa, y en toda
6113 65111111 1110111610, y sin 11101105110 06 1132611115 110105; y 65131100
570 1101 001111111111103116, 56 16 1111100 1000 61 31111110 611 111611, y de—
161111111056 fixamente 3 113261 105 110105, y sobre 6510 001111111111100,
57 065111165 1116 01Χο 0116 16 6511613556 351 11651100 001110 6513113, 57
611110 611 511 03111313, 57 1111Χο1116 105 110105 501111105, y me 105 16570.
La fdrmula y 001113 061105 113 0011 6513 3 V. P. Despues 06510
1160110, 570 11016 011156 111311031 ninguna 0053 611 obedientia, 51110
0116 16 01556 1116556 3 511 visita 06 11101115111011 111161311161116, 13 01131
1116 01213 61 0116 613 11606553110 01111111111, 1101 3116110 1110111611οο
31 1110111510οῑ 11135701, y que 13 11111113 611 005 1116565, y 065111165
06510 16 dixe que podria 06511601156 061 1000, y ir 3 (3311013
11313 51110131, 0 3 0011111113, 3 001106 61 1013111161116 56 111011113113

