236 EPIST. Ρ. NADAL—63

laneo, 60 nombre 061 00006 06 Gaudia, y firmado de su 10300,
Ιιοε est 061 P. Ρ13061560, 61 013 30165 0116 03111656 06 Roma, en
006 56000 016160060, 105 200 0063005 06 135 pensiones 06105 01-
06105 061 obispo 06 Ε5001136116 56 1130130 (16 30011631 31 60116010 ’
06 Α16313, y 01Ζ60 006 61 Ρ. Ρ13061560 10 0116010 0650065 61313-
1116016, y sobre 6510 116 160100 113110 fastidio 600 Villanueua, y no
00016000 113Ζ61 0113 6053, 10 remitti 31 Ρ. F 13061560, y asi, 06 400
0063005 006 500 0601005 06 30061135 personas, 16 030 3 Villa-
00603 300 0063005, y no 16513130 5100 100 0313 Roma. Dice Vi—
113011603 0116 0303000 61 6513 06003, 006 61 56 6063103 (161 60116-
010 0313 61 010103110.

33. Depende, Ρ3016, 6516 60116010 tanto del doctor Vergara‚
0116 ay poca 111161130 06 0106031 60 61, 0 0100003, 51110 10 006 16
031606 11160, y 11606 0161135 631135 06 V. P. 61 006101, (56000 106
0126 17111300603) 001 135 003165 60100 001 603006110, y que 56 10
1130 06 60010111, 01616006 00101010 sobre 61 60116010, y vieno hasta
310603Ζ31 006 51 16 53630 3 Villanueua 0 31 131 06 Α16313, 006 5613
1035 006 160130100, y 006 (1611313 06 130016061 61 60116010, 616.,
y 60 6513 0100116030, 616., 0061113 yo 006 Villanueua 56 1005-
113556 1035 60 006 61 006101 10103556 13 01113, no por particular,
5100 001 1011061531, y 006 tanto 56 1111116556 001 130016561οΟ 61
60116010, 003010 13 (1010031113 11135 56 511116 061 31 1701061531 11160
06113. Yo 16 116 0300 31 006101 0130 03116 06 10035 60535, y 1005-
111300 006 00 5010 60 Α16313 06 11603165 56 11313 10 006 Su m. 06-
563 3 56101010 06 Dios N. S., 11135 3110 600 511 6005630 56 01060313
1000 61 16510 06 80303; y protendo 600 13 013613 06 Ν. S. ya no
50 fauor, 51110 50 0615003, 600 61 006 50610 60 ]65οΧ.0 56 00103
106010 601110 11613 V. P. 60 6510.

34. El 065600 006 yo 06053113 001 01060 06516 60116010 06
Α16313, 65; 006 5101116560 60 61, vltra 105 0110151105 06665531105
1ζο3000165 etiam 501001ἰο15110 001 3310031 3 17111300603, y 16061
16506610 31 60116010 y 3 50 06150113), 003110 confessores 06 officio
ordinario, y entre 61105 310000 006 111Ζ1656 01311635 0 00611103, 51
0160103001· no 01101656 561, y por 6303 611150 06 31165, 005 5111-
(11311165 656001005, y 113513 1116013 0οΖ603 06 1116010005, y 006 6516
0010610 56 60056103556 113513 006 111656 001300 61 collegio. Con

