14 MAJ1 1554 259

para mi yo 116 1601ᾶο 001 010015100 (110103 que 61 000(16 (16 Mon-
161657 no 3573 00611ἀο 03531 001 10 006 (11Ζ60105 030110105, 001006
00501105 6131005 10103ᾶο5 3 035531 001 61105. El Sefior 10 01006613
10(10 mejor. 136 13 (11015100 (16 13 Vniuersidad 0 00116010 570 00 116
113013ᾶο 03013 31 000(16, 001006 00 016 113 031650100 1161000 300.
13650065 016050 56113 vtil para nosotros, 5161031(16031 001616 venir
en ello, 006 00501105 no 10016561005 0057(13(10 01 00016100 (161 001-
16010 5600131, 5100 5010 (16 000165531165, y tener 0057(13(10 006 05730
505 160110065, y 006 61105 1011165560 3113 50 00116010, y si 031601656
3 V. P.' (131165 vltra desto que 61105 56 16576560 505 0300065, 3 13
0031 1601100 000 difficultad 00(1161005 00501105 00100111, y 006
101716560 573 6516 (16160110 03000100, [57] 160101 000 13 1160010100 (16
Xpo. separad0; 60 100ᾶο 006 10(10 10 006 00501105 1661005, 10656
000610300 001 13 0010031113 60 10035 00535. Τ3101ῑ1160 106 0000116
3 (16ῑὶ1 006 100651130 006161 61 601111οἰ0 (161 00116010, 006 65 muy
bueno, para 50 00116010 5600131, 001006 165 031606 006 65 0135701
110013 006 65160 60 61 505 03116005, 006105 Ρ3(1165 (16 13 001003013
y 16010165, y 310603Ζ30, 10 006 etiam 61 000(16 113 1003(10, 006 60 61
0005630 357 no 56 0030105 (161 00116010 (161 3100101500 60 8313103003,
que 130016506130 006 30061 00116010 (16 83011300 563 (1613 1015103
1030613 006 61 50570. 13105 005 357006 60 6510 y 60 10(10 10 006
016160061005 0313 su mayor gloria y 31303003.

20. 136 D. Τ116010010, Ρ3(116 1010, 113 5011110 M.tr0 Μ1100 006
105 011001065 56 10011030 3 006 53103 (16 Ρο110031, y etiam 016053
que ν61030, 51031606 006 113573 3 Rorna3 1035 10305 105 00651105
3113 161060, y io 1311111160, 006 5713, 57 651313 000 0130 1011130100 60
001(1003, 001 65131 3111 61 (100101 Το1165, 57 351 570 116 5011010 006
51 00005060 50 0000 00016010 (16 571 3 0001003, 006 16 5711111160 3
173160013, 57 00 016050 11603116 3 Roma, 300006 16106 013261 006
60 6510 105 principes 56 161011130 3 13 001003013.

21. La 0100151όο (16 105 (1106105 57613 V. Ρ. 001 Vna 00013
(1610 006 116 (16Χ3(10 31 Ρ. Ρ13001500, 60 13 0031 56 0001160613
1061110113 006 16 (16116 3 61, partiendo (16 Το1016511135, y (1650065 10
006 (11 31 (100101 Araoz. Lo 006 D. Juan 113 (16 (131, Ρ3(116, 65 10057
10016110 57 (11111011. Η31356 10 006 56 00(113; 0100003 0053 357 016113,
57 001 13 11060013 006 va del obispo de Ε50111130116, como (1100 60

