24 AUGUSTI 1555 329

(130, 0116 61 0110116 51161311105 1361111161116 06113 6111030 0313 17113
113116 06113 fossa 06 13 muraglia antigua, 13 0113111001611105 110631
6011 61 11116110 (16 105 11357165, 1111110 31 01131 6513 etiam vna 6353
60111111οο3 11313 13 1131111311011 06 105 Ρ30165 1101 ahora.

9. Ρ6115311311105, Ρ3016, 161161 11565110111161110, y 1112111105 113-
11131 31 0116ῆο 06 13 6353, y no 113 11351300 ninguno 3 11326116 1761111
3 0116 1761103 13 6353, 13 01131 111113 06 10 016110, 116116 0113 60111- ,
111001030, 0116 6513 306131116 06 17113 5701651613 06 ν113 confraterni-
030, 61110 1150 0166 3101156ῇο1 6116 110011311105 1131161. (30356131131105
61 gobernador y 01105 0116 1110611135611105 (11161 0110116 10111356 6513
6353 1101 511 3111011030, 61 (1116 1111606 113261 1101 1131161 06 5611111 3
01113 1111111163ς 11135 3 110501105 1105 113165610 110 571 1101 6513 uia, sino
60111131 611 Dios N. 8., 61 01131 11313 01161 11311011 06 13 6353 13
(1111613 11611061, 357110311οο 110501105 6011 511 gratia 611 111061113110.
Y ansi 61 obispo 11120 11311131 3 1111 6161100, grande amigo (161 113-
11011 06 13 6353, 61 (11131 respondi& 0116 56 1111563556 17113 6353 pri-
111610 0011131003 11313 616110 exercitio 0116 56 11326 611 13 0113, y
11311303 6513 01116566 0116 11313 511 officio muy bien, y 6511613 110-
01611105 1131161 13 6353 03110016 611 cambio 17113 0113. Ε511111111105
1165 0135 M. Juan y yo negogiando 6510 57 trabajando: 111656 hayer
M. Juan 3 F 611313 6011 31111110 06 1131161 06 811 ΕΧ6.3ι 30116113 fossa
11313 110631 6011105 11357165, y dexamos 611601111116110300 61 negocio
3 11101156ῆο1 61 ζ(101161113001, y 11311161113111161116 101113 61 assumpto
61 11131100 06 111300113 Μο11163. 811610 1131131311 17113 6353 6011 0116
0111613 110631 301161 1111011 110111116 13 511573; 51 110, 56 36601111110031311
3 135 63535 juntas 30116113. 11 Segnor 165 357110313.

10. Η6 10111300, Ρ3016, mayor speranza 611 10 06 111όο6113 0116
11011 1161153113 11313 fundar 1711 6011601610 111 Μο06113 6011101000, por-
0116 61 0110116 5161111116 357110313, 57 110 0611313 61 631061131 Μο10116
06 031 0 1110611131 alguna 6053 1101 13 011110311011 06 30116113 ygle—
513 11355303.

11. Μ300113 11Ιό11163 0111616 061131 511 1132161103 31 eolegio, y
511 11131100 573 113 1166110 1651311161110, 611 61 01131 06113 005 110556-
5101165 3113 00311131113, 0116 6160 173101311 11135 06 61611 5611005 06
161113.

12. Hay otro M.0 Juan Α110163, 61 01131 65 1160, 57 110 116116

