325 EplsT. P. NADAL-Sz

dito Dios, y me 113 1160110 gran beneficio 13 medicina 006 tome} 60.
F 611313, (16 (10οᾶ6 031111003 Μ ,Ο Juan Ρ611613110 y yo 61 domingo
passado 3 18. Diffi 60 6313 000 13 gratia (16 Christo (16 103 tres.
collegios (161 16113103 3703 3001103113 1οῖ011031100, (16113οᾶ0 61 16310.
0313 13 01313. ¹

2. El collegio d’ Argenta (30000613 116113 63 113110 106001 (16
10 006 370 0603303, y (segfin me (160130, no passa 000 106003)0οη
“ (113 033331 30613016 000 13 337003 (16 Dios, 001006 13 16013 (16 vn
10363110 (16 300613 (360110 106 dicen) 36 00(113 30011031 06106103-
1116016 31 collegio y 00(113336 113061 310003 3370(13 (161 (10006, 37
000 10 006 337001313 61 031060316 (16 33010 Ᾰοξζ610 00(1130 ¹ 63131
3111 4 0 5, y 300 0133. La gente (16 13 116113 006 613 000113113, 36
03 (1010631103οᾶ0, 61 13 magior 03116 6313 10160 373 000 13 Compa—
013, 37 00 dudo 006 3160110 3006113 0111621113 01060303, 0116 facil-
016016 10(103 0000306130 6106066010 grande 006 160101130. Agora
M. Αο(1163 ² haze toda 0033; 01601103, 000116333, (1106 011333, y 166
60133 3006133, y no 373 13 0033 00010 370 0061113. Ε3130 60 vna
0333 10000110001331103, 13 01131 60 61 03110 63 (1101(1103 (16 0113 000
0161103 0301063 30103, y 60 30116113 0333 6313 3703 1311110113 601613.
No 36 00(11613 301111, y luessgo 163 00110313 10003136, 3100 006 113-
0611103 1010300 301010 10000 00100131 3703 0333, 13 0031116 111310, y
63 101137 0001111003 001 10(133 031163 0313 3006113 01113, 37 00(113
1131161 13011106016 30116313 (16 3703 03116 (16113. 1130611103 dado eom—
01133100 3 370 amigo (16 13 116113 006 13 0001016, 3313 60 016010 (16
000 6300003, (16 103 0113163 36 1133730 (16 03031 200 (16 01636016 37
103 400 36 pongan (16 06030 301016 13 0333, 3 4 por 100, 00100 63 la
costumbre (16 3006113 116113, (130(10003 03113 (16 gratia (16 00(161
16011011 61 06030 (160110 (16 3100003 3003 0 3 01163113 11061130, 37
6316 06030 36 00(113 13011106016 03031, 0010116 13 0333 11606 (103
boteguillas 006 36 31001130 36373 6300003, y 13 116113 (13 31 10363-
110 01000 300003 001 31001161 (16 0333. Spero 60 61 86001 006 6313
0001013 36 3111610313 ³, y M.0 Juan Ρ611613110 11606 301010 (16 31131

“ Μ3., poegni.
⁹² P. Αο(11633 Bonainsegna, rector collegii.
⁵ Sic, 010 efectuarci.

