650 EPIST. P. NADAL—*185

1000 0510 dana 01 31011110510 50105 mill 00 010010 y 000 00 10013
11313 00511005 00 5115 0135, 01Ζ10000 0110 no 110013 113201 1035. El
Ρ3010, consultando 000 105 Ρ30105 0110 consigo 110110, y 000 31Μ
gunos 00 105 001 collegio, offresci6 un 11311100 113110 100110 y 11300
31 31011110510, por no 005001100113150 000 01 00 30110113 1110030100.
Y vien-do que 1311111000 venia 011 0510, 00013 0115103 000511113 y
113105001 (10 10005, y 0011 1111011 10000 y 5113111030, 10 hizo dezir,
(1110 13 0010113013 110 110013 30011131 01 11311100 y fundacic'm 0110 01
0110113 113Ζο1, 111 001113 obligasse 3 110011 y 11115031 111005035 para
0011-103110 511 collegio y iglesia, 010. Y 11313 00 3110150 00 eumplir
10 011οι01 0511013113 00 00501105, 110 0001131005 tornat sus pffista—
mos y 10013, 010., 111105 0110, 31101100 0110 0513 00 11351303 11313 5115-
100131 105 511ςο105 00005531105, 10110110 100005 50 110013 113201 13
0353 y iglesia 0011 01111 01103005 0110 03113 101101105; y 0110 05110131
3 0110 0510 50 11121050 11000 3 11000 0013 10013, 5101100 0113 130 poca,
01113113 13 fabrica 011351 ‘in infinitmn. 'Y 3051, 3111000010 10511011--
0100 y 0300 05135 1320005 por vn Ρ3010 (10 105 011051105, 1110 01
Ρ3010 3 00511001150 001 31011110510, y 113210000Ιο gracias (10 10 0110
113513 30111 113 1100110 1101 13 (2010113013, y 00 0110 31113 5100 031153
0110 105 011051105 11105500 3 Segouia, 10 010 135 13Ζο005 0110 3111113
01Χο, y otras, 11010110 00 50 podia 30011131 511 1110030100, 010. Y
esto 510 00501111113110 00 105 (1000 01103005 0110110013 00 30105 1110-
10011005, y 0110 005 11101050 1101 suyos como antes, y 50 rogaria 31
80001 1101 01, 010., y (1110 13 (3010113013 11313113, 00100 0011 10005,
11303100οῒ0 0011 01 ; 0110 110 0110113 101031 105 000 01103005 00 101113,
y (10511005 0οΧ31 (1110 50 111Ζ1013 13 0353, y iglesia, y su 01110113»
1010010 13100 0 011003; 10 01131 00 13113113 aiguno (10 fuera que 10
3000501350. Y 351 01 310111105ῒο 111110 3 10110110 0510, y agradesci&
31 Ρ3010 (1110101111111050 1131113οΟ 130 01313 y 11303100010.

14. 0011111100 1311111100 01 Ρ3010 3 105 011051105, (1110 1111110500
1111011 301100, y 0001135500 011 13 11011030 001 80001 0110 105 01011139
113 1110030100, 00 13113000 01105 3 10 (1110 0011130, y que 0011013010
110 110053500 113111150 00 Segouia, 5100 0110 3100010500 3 1001 y 3
113201 105 001035 011015101105, 111010000 y viuiendo 00 11100503,
001110 113513 ally 11311130 1100110, 01(*.; y como 135 00535 0110 50 011-
001010110311 31 80001 y 500 guiadas por su mano, no 5010 00 50

