712 EPIST. P. NADAL-—198

01311100 350131 3551 100313 1116100113 06 Ρ6010 061 Ρο00, y 56 0126
60 006063 110111163016016 006 Μ3100103 haze esto 1101006 00 00606
135110 3111 06 0110 nombre 5100 061 suyo: 10 3'.⁰‚ ν316 mais 06 005
1011 Δ [0063005] 10 006 Μ3100103 350613, 3 110660 06 00 031 vn
poco 06 60016010 3 Μ311303, 601110 61 0126, edificando 60 13 63116
06 S. Ρ6010, y 1116106 13 0010113013 13 mejor 1106113 006 ay en
006063, y que 0113 131 60100 3006113 00 56 11313 60 diez 3005ῑ 10
4⁰, saca Μ3100103 135 5606135, 60116010 y 1016513 3 3006113 63116
(161 11001100 (16 Anaya, 006 65 63116 infame, y 56 111606 3 6113 1101
30061 11001100 006 65 06 6160 11165, 006 11313 concurso 06 10006165
y 61 11310 06 105 5100130165 06 00651135 5606135 00 65 06 6011163-
6100, 01 06 13 0006511030 y 166310 006 13 (3010113013 11106; 10 5.⁰‚ 65
616110 006 Β311110101116 061 Ρο60 1000613 10600 50 11161710, y 16
31100313 Μ311303, 1101006 56 006 56 6Χ351161313 600 10 006 Μ31-
00103 haze, 006 65, 600 11035 11316065 006 1603013, 00113116 1000
61 501; y 51 36350 1131356 6516 5600000 60111610, 60100 1761005 006
ha 1131300 61 111110610, 006031005 1131005 00 5010 510 1016513, 11610
510 0303, 1101006 1000 10 001616 (16110631 y 3113031 11313 61 60111610
00600. Αο3010 1035 6163000100 1113100103, 006 13010 56 110013 di·-
13131 6513 01113, 006 00 30113 11313 006 113131 06 60011003113, y
006 1716000 61 60100 6516 60111610 56 110013 130 60 0003, 3013 610 -
111300 vna. 50111111636100 3 Su Santidad, 006 1131030 161011036100,
11313 3061131 3 0113 113116 10 006 16013 306Χ300 31 60116010 06
006063, in attentum 006 61 00 56 60111006. Esto 561100 3 V. R.
130 13100, 11313 006 06 1000 110603 V. R. informas 3 Ν. Ρ., 11065
3 1131300 V. R. 65105 06006105, y 601600100105 1101 363.

2. Vine 1101 Villarejo, y 60 10 06 135 6561110135 0100003 dif-
11601130 1000 61 86001 D. Joan ¹. Cubriera 00300 vn quarto Ξ, 5100
006 01 joanes 3 1760100, ni 61 Ρ. 130513016016 3 6101113οΟ 13 11363
(106 16 1110106110. Ε 6561110 10061135 631135 1101 61 1161103110]03065,
y 00 6 visto 1651106513 06 310003. Con todo 650, 1136 61 Sr. D. Joan
materiales, y tiene 6010111303 1003 13 11130613 0666553113, 006 65
1006110, y 10065113 mucha 00100130 061300106010 y perfeetic'm 06

¹ D. Joannes Ρ3611660. Vide supra, epist. 185, 0, 8.
2 Partem scilicet aedificii.

