2 JUNn 1561 479

3 50 11010013οε 56 006 no ha 5100, y 00103 ha 5100 30611300, 001-
006 no 56 00100 1131313 000 61 obispo ¹ ‚ 610.

La 00013 06 135 gracias 116 1606010οε 51 0000111616 aqui caso 60
006 005 00030105 3510031 06 310003, 10 1131611105, 000 1161110
tamen.

Reeebi 13010160 105 301505 06 Μ3000013, y 51610016 105 56106-
130165 106 56130 10051 013105 51 Vtiles, 610.; 10 061035 56 501106 60
0113. .

Hasta aqui 56 113 1650000100 3 65135 005 031135.

6. Lo que 0135 0000116, Ρ3016, 65 006 61 03015001 (16 Gaudia
106 0610 vn memorial, que 5613 000 6513, 0313 0161105 16030005
006 0106 V. Ρ. 16 601016, 51 510 00 00156 601013116 113513 1130131
000 61 Ρ. F 13001500, y 0650065 06 11301300, 03165016000005 3 105
005, 16 610010.

1361131. Araoz 116 530100 65105 0135 001 Μ.ῖΟ Μ1100 006 113
0355300 001 Το1600, 006 651000 10051 10310 06 vna 65001060013,
mas que 651303 513 00600.

1361 P. Βο513103016 513 501101 3 V. P. que 0650065 006 11000
1160100 00001100 113513 Μο01611651, 001006 3551 016 10 06013 61, y ¹
yo veya 006 00 56113100111, 16 601016 3 50 010010013, 00006 016050
651313 513, 000 13 013013 06 13105 ⁴².

El P. Lean 016 113 60101300 06 (306003 vn 065030110 50016 61
negocio 06 13 1000301όο 06 30061 00116010, 006 13100160 1130 60-
01300 3 V. P.: yo 10 006 61 106 010106110 10 501101 bona fide 3
V. P. 001 00001103035, y 10 006 560113 50016 6110; 60 10 006
3013 61501106, 0316506 006 11351 310003 3116130100 (16 3006110.
V. Ρ. 10 116613, 51 10300313 301531 06 10 006 56 113 06 113Ζ61.

7. Yo 116 1011300 3001, Ρ3016, 65105 (1135 13 00110301όο 006
10103 13 (3010031113 60 13 100030100 061 00116010 06 131303 000 61
3100111500, 51 601010 105 10151005 000105 000 0115 annotationes:
V. P. lo veera y 01060313, 610.

Quatro 0 01000 0135 113 501601 3 V. P. vna carta: 0650065 116
6011300 1035 60 105 06000105 06516 00116010, y examenes‚ y plati-

 

¹ 136 1115 50013, epist. 125, n. 2.
”-’ Vide supra, epist. 123, 0. 5.

