APPENDJX 763

te mill 0063005, y promete su fauor para ello. Diesele 50613063 06
60100111 60 01606 50 06560, 1130105616 6013 1016513 que aqui se 60-
1016063, 010106110 60 6113 y en todo 10 006 3 6513 6353 106316 50
fauor, y no 56 51 600 1035 110100130 10 0313 61 virrey de Syeilia.
Porque 10600 00150 006 10656 0613016 50 01116003, y 61 81. 1031-
0065 (16 Ε16116, 50 hijo, 10 10103 130 3 0661105, 0061 hermano don
Τ116010010, 50 600300, no 56 51 16 113113 11601313, y 13 813. 1031-
00653 dize que 13 31060130 60 060531 006 001 50 hermano don
Τ116010010 16003 13013 3116611όο y 16506610 3 13 (3010030130110
013 06 1030303 vino 61 56001 11111611 3 10153 3 6353 600 3100005
6303116105, y 0650065 (16 10153 1110 13 6353 y 61 51110 (16 13 1016513,
y 3105 006 600 80 8600113 1160130 606316610 100600 61 1061110 (16
13 0013, y 13 161110100 y exemplo y doctrina de 13 001003013. Hizo
60 016560613 06 10005 grandes 011166110160105, y 60106060 600 50
11100503 3 061503011 3 01105 10061105 3 113Ζ6113; 001 00006 650613-
1005 en 61 86001 006 600 50 gracia 56 11313 60 01606. Β650065 (16
3630303 5613 600 fauor (161 86001 1006110 61 frumo, 560011 13 06-
006100 600 006 36006 30013 13013 06016 3 135 60016510065 y 60-
100010065, 00 3016000 00006 011603 5100 0063. 13600110 563 61
86001, 006 001 65135 0000603065 601016063 50 01300663; y 06
1030613, 006, 3 10 006 1160, no 56 51 ay 60 6513 610030 161110100
0135 1650661303 y 3616011303 006 13 (3011103013.

Εο 6510 005 61005 06160100 3001 3100005 dias: 30 1160100
3100005 600 harto 06560 1111000110036100 3 006 105 1661030, y
0316616000 31 Ρ3016 001 006005 165066105 06 0116111165 13 60113-
03, vno 56 60110 1103 006116 600 50 11310 3 6065135 60 6353, di
ziendo que 5000116303 16 1661016560 0313 63031 60 6513 1106113,
que 001 0100003 1030613 5310113 06 6353. Ν1 61 Ρ3016, 01 13 0063
036160613 06 Τ3013165 fue 03116 0313 66113116 06 635313121600016
006 13 6353 65 00016, 16500006 006 00 haze 31 6350; 006 6100
111606 3 601061 5100 3 113031131. Dizenle que no ay 00006 0061-

dize que no 111606 3 0011011; y 3051 por fuerea 56 00600
30116113 006116 60 6353. A 13 1030303 16 0316610 31 Ρ3016 00611613
0160 6Χ310103116; 113113016 100160 y 0011050000, 06 0060 110316,
5001100 061 1606016 06 Α13000. (Σ16110,106 031666 006 yo 00 he
111510 3 03016 yr 351 00116000 06 13 justicia, como 6516 111606 hu-
yendo del mundo. Ε5 0060 1316010 y 06 00603 015005161011; y 31
fin 61 5010 113 000100 0135 006 10005, 60100 363666 31 006 1136 13
013613 061 86001 06 50 03116. 366101056 0110 600 61, y 06563010
3100005 01105, 0061 Ρ3016 difiere por 30013.

Ρ31111110005 001 13 1030303, 006 500 3 105 7 061 01656016, 06-
166005 3 Α16313, 001 561 6301100 0313 Ρο1111031, 300006 031666
006 60001606 10 01110610 360011, y de 6310100 56 11613 600 61
Ρ. 0100106131; y 0065 601131005 ¹ 13010 10 065630, 5613 0313 0061
86001 1035 56 51103.

¹ Archaismus‚ pro entrambos.

