622 EP1ST. P. NADAL—178

1661 005 160110065 06 1116010016; y que 51 16 (3010061116 no lo 0111--
51616 6060161, 0116 61 ayuntamienm, 0 61000 061161116 suyo 0010-
016 06 6011611016 16016 0116 56 00016 00010161, 0116 56160 11650160105
0 0061100160105 01106005 0606 600, y 0116 (161105 0005111115160 005
0611116065 06 theologia, y 0116 56 1660 00006 61 ayuntamiento 0 61
161 06116016 01060616, y 165 0101166 61 611110161016010 0 601161 06-
116016; y 000 6510 116261 51101611161110 6 10 0116 00 01116556 01161100
6060161 16 (2010061116, 6 10 01161 01661005 0116 16 6111106160 1111101105
061 01161110, y 56 10 600056161611, 65060161106016 Αο115110 Χ11616Ζ,
0116 11606 60110626 0616 6510 y para 1065; 0010116 todo esto seria
interesses suyos, 0010116 165 061650616 0116 5616 0065100 0616 0116
105 hijos 06 velinos 51110160, y 1160060 6 16061 65165 0611116065 0116
61105 6111160 (16 01011661 611 161 0650; y esto, 06501165 06 aver 610611-
0600 61 116060016οΟ 65165 160110065 0116 60016 0106, y tener 01165»
105 60 001310 5115 0606110105, 5611616 16011116Ζ6110, 0010116 00 161016
60100065 0056 0116 16 016556 06116, y 0010116 16 0616506116 0116 110
11616 possible 5100 0116 16 0010061116, 001 00261 06 511 116216006 y
06 511 010610, 0116 6111011065 56 1060116516116 0116 10 61116 06 6060»
161, y que 0116000 110, ya 011606116 60116110 5601110 60 61 611111116-
11116010 0 60 610110 06116016; y 0616 6510 haze 16 00060100 06 161
5116116 0116 16 011606 libertae] 60 511 1161216006.

5. Ρο1 10 01161 1105 0616506 606 0116 60 01001106 10611616 00οι
111606 6060161 6510 0116 60016 haze, 61100116 1116556 0011 0161105160-
110065, 51 00 1116556 001110 1106 1601100 06 0161061106, 0 0116000
10110110 16 de 0161061106 y 16 06 1611101106, 51 110 01216556 16 0006-
0100 1611 016116, 0116 00 16 011606 0611061 0616 10160161 10 (110110 0
0056 5610616016, y 6551 001 6516 0065100 116006 6 06106110 16 Com-
06016 y 0116061 000 16511016, 0 6 561· 116065511606 6 10106110 06 16
5116116 0116 61 0111616... ¹.

ὁ. En 10 0116 V. R. dize 06 105 01161161161105 ‘² 061 1711161, ya
V. R. 56116 01161 65161005, y 61161005 0651600 111110110 000 61 Re Ma—
0110, y 10 116 56111100 bien 61 1160611016οο, 000 011616110 16010. Con
esto, V. R. ordene 10 0116 fuere 56111100.

¹ Sequuntur 116116 argumenta, quibus idipsum evincere contendit: quid
Dno. Alphonso 1650011060011111 videatur, 01000011,

'² Quartanis febribus laborantes.

