330 EPIST. P. NADAL—Sz

hijo, ni hija, ni 116163610 (60130 dicen), el qual 613 3630115511110
36 M.0 065310, y 603 53 1336116 51333 3151135130 36 105 Ρ33165,
1631330 603113 10305, quasi que por 631113 3365113 5131656 3136110-
Μ .0 (ἷ65310; ahora 56 113 1660111330, y 6513 111351 11163 dispuesto.
Hay 1311111163 vna 6316313 36 311630 336 33 13 613333, y 56166 en
61 3110 13351 110635 16110365; 6513 11636 75 563305 36 5313110. Hay
otro salario 36 40 563305 336 33 13 51316513 mayor 3 vn 13365110
36 313131331163 336 6356333 535 616113311105; 65135 305 603 61
11613110 56 11031133 31111631 3113 (30131133313. Spero que 61 86301
35133313 333616016310, 1101 63513 133331103 113 5130 5613130 6116
1331165563 1165 ό 333110 36 13 0013113313.

13. Lo 336 113013 11351 11313 3513331 31 11113611110 36513 01113,
01113 (16 10 336 5116131305 35133313 61 (13336, 65 336 13 (3333111613
11636 100 6563305 63 1303633 6031305 (16 3133335 13316165 3630-
135 y 1113303113 Mo'nica obliga 3 113331 33165 (16 Ν331333 125,
01135 1133 0111656130 53 113116, y 3111133136316 1110316116 1333033
Laura Ρ31133161113, (la 3331 6160 51333 63 Roma 603 13 Sra. Ar-
61113), 36 113261 vna muy 1136113 151130533, y dar 1335 336 6333 vna
36· 135 3630135 113111631311116316ς y esto todo 36 13336165.

14. Α133305 1101311165 11351 1311111163 3630105 336 351333133, y
30501105 1133131305 1135130 36 F 611313 100 563305 336 13 F 311013
113313 33305 11313 611 6350 6116 13655611 36665531105. ΕΙ 86301 5613
603 61105.

15. De 135 60336111335 30 113 1131656130 1101 311013 1110361
11333. Η356 3330 31333 01363 3 105 336 165133 alli. Resta 603
M. Philippo ¹ y M. Stephano ², Gonzalez y Β311110101360, Η336-
mos 3651163130 Vno 336 1133133 1013330 1101 56131110, y no 613 333
1656111130 3113 0013113313, 61 3331 30 60336313. 116513 vn 11106113-
6110 36 15 3305 11313 113261 13 63Ζ133 51 111033116 63116 13310 51 5613
3110 116113 (3013113313, 51 65 hermano 36 vno que 51136 3331 611
Βο10333.

16, Hayer 13136 116336 363, 30336 51161316, 60130 116 561110
36 F 611313, 631135 36 V. P„ y 1116 11311116 11313 30336 mandare,

 

¹ P. Philippus Lerneus.
² P. Stephanus 1331061135.

