470 EplsT. Ρ. NADAL—128

calor, y 3 10 11161105 0116 611 13 0116 1761113 9313 61 9393, 56 11121613
11161161011 (161 0 (16 1111 9313 311111 13 9116113 y negocia, 31111οι16 901
61 embaxador ni por Don Juan de Ayala no 01160313 (16 11326156 10
0116 911(11616. Ν1165110 861101 10 guie todo. Quanto 3 511 96150113,
51 56 011161356, mejor 9316566113 0116 363113ᾶο 61 171111110 11161110 65111η
111656 5111 carg03 9610 51 56 161111656 (13ᾖο (16 511 311113 0 (1613116611-
613 ¹, 93165613 bien 13 (1117151011 (16 13 91017111613, y 0116 61 110 111656-
910171116131, 51110 60111153110, 616.; y procurasse 113 0116 173573 901 3113 ⁷
1301116116611, 311110116 0116113 0116 11111356 51 56113 11135 3 910905110Ἰ
9313 Portugal, y 61 (16 3113 9313 03511113, 616.

3. Quanto 3181. Rafael Ξ, 601110 901 0113 6 6561110, 10 11135.
(165631116 1116 93165613 61 venir (1011(16 6513 61 16113(10 ⁵, y si (16591165.
16 9316561613 1761111 901 363, 65111171613 611 511 616611011. 81 6510 110
3 lugar, 9313 61 1111610 (16 135 3111135 93165613 61 65131 (1011(16 6513
901 561 6011056100 y 161161 13 lengua3 9610 9313 65131 5111 11013 0 6011
11161105, 1116 9316566 1116301 61 65131 (1011(16 511 5119161113 6311663, 901-
0116 quien 3611(16 3 6113 110 1111176, 1113170111161116 51611ᾶο 601110 511 11161-
66(1 65, 901 13 gracia (16 111165110 861101, 91110; y 9313 113361 6510,
1116 9316566 0116 basta 61 1663(10 0116 3113 ay, 6011 5010 3ᾔ3(111 0116
56 91061116 6011 61 16113ᾶο 0116 56 6011161116 0 0116 110 56 (16560111611-
16, 9010116 (165601116111311(1056, 9316566 0116 56113 11161165161 aber 93·-
61611613 3513 0116 111165110 861101 6111131356 0113 06351011. Ε50110 me*
(110 0116 65611116 9011713 (161 pariente (161 81. Rafael, me patesce muy
dificil, 911111610 9010116 quando 61 vbo 61 (165936110, yo 16 dixe todo,
y no 56 31161710 3 (16613131 113(13, 161111611ᾶο 13 negativa, 13 qual 56
podria agora 11135 1611161, 9010116 56 (1311 3 10(105 y 11135 61313111611-
16; 1311101611 90(1113 93165661· 0116 0 61 0 yo no 311(11117165611105 6111011β
665 613105, y (1661313110056 3ἓο13, 110 1760 601110 6011 6510 6113016 61
11311131 9313 Τ161110. Το(131713 yo 9161150 11311131 (1611110 (16 (105 (1135
6011 6516 gentil hombre, y 1761611105 10 0116 56 90013 hazer3 pero>
hasta 30111 1760 (1111611 6516 631111110, 311110116 10 9106111316 , 9010116
(16560 601110 13 5311736101) todo bien y 6011511610 (161 81. Rafael, aL

¹ Ι. e. 8061613115.
“-’ S. Franciscus (16 Borja.
·'’ Rex Philippus.

