400 EP1ST. P. NADAL—109

13 00 000 0513 01 000101, y del hermano 00100205 13100100 50 00-
013 10001 10000, 57000050 01 3 0113 0353. Εο 10 001035 01 retinet
mordicus tres 000105, 105 003105 0120 000 01 no 00103000, 5100
000105 0100010 Villanueua, y 50 105 010 01 P. M.‘tr0 1003110, y
V. P. 00001100. El 01110010 05 00 101031 5050105 00 Α10313 510 01.
El 2.⁰ no 53031105. El 3.⁰ no edificas 510 01. Quanto 31 01110010 y
3.⁰ no 11357 0101001130, 001000 01 0000 31 01110010; y 001 3.⁰ 0120
000 13100000 11320 0101001130, 5100 000 03000 010100105 0313 001-
ficas, 0001113 000 00 50 05000010500 00 0113 0053 5100 00 0510, y ⁷
50000 50 00000100, pnes 5013 conforme 3 10 000 00001000 3 13
(300103013. Εο 01 2.⁰ no 11320 100103, 5100 000 0001113 000 3100-
005 5011100105 13105 50 00050013500 00 135101135, y 10010500 30105
’00 Α10313, y 50 111210500 00010105; y yo 0021310 sobre este punto
2.⁰, 000 0005 00 105 01105 no hay difficultad, 000 50113 100501, 110-
01105 505 05100105, 31 fin 001105 50 5303500 05105 13105 1035 010510
3 1001 vn 00150 00 31105, y 0050005 1110010οἰ3; y 0100 000 vernia
00 0510, 000 00 01 1100100 000 05130 passando 111210500 31000 3010
00111100 (10 000 00 000113 501 00 13 νο100151030 00100 100 1130 10-
10110300, 5100 00 01 00110010) 5· 0050005 50 53035500 03131001. ΥΟ
00 0510 2.⁰ punto 0100003 100123 10 110 1100110, 30105 10000 001
bien 00 11313110 000 50301030, y 3 13 000113 001131 1003 0053 113-
03. Ε513 130 1031 3002300 0510 000101 3 000101 00001031 3 50
modo 13 0011103013, y 00 1000110 11011100, 000 05 100005101 000
1000113 (10511023 10103110 300000 0055031005, y 00005010 1000 105-
00010, 001 01 31001 000 3 0113 11000 y 2010, y por 10 000 13 113 3570-
0300 y 357003, y por 10 000 0513 firme 51010010, 300000 sabe V. P.
000 no (13 001 010103110 31 00110010 5100 300 dueados; 357003 ta-
men 1035, y 01 010 113 010110 000 00110 17005 3005 y 01105 113 05000-
dido 0303 300 00103 00 mil 0003005, 105 001 00110010 no 10 531300
00 0311100131, 1035 10005 01200 000 05 0100110, 010.

2. Del P. Tablares 0110 breuius. Aqui 113110 00535 00 1035701
000510013οἱὀο 300, 000 135 000 Β3011513 dixo. El 0513 00101100, 57
(10 1030013 000 no 50 00000 000 01 113201 10 000 50 005503; 11350
1100110 10 000 50 113 000100, 57 05 000 135 005 000510005 000 10013
113 0300 00050050 000 50 1130 1001111100, y vanse 0303000 505 000-
035, 000 500 10001135. Μ35 11357 0313 1000, 57 300 1051313 3100, 57

