28 JANUARII 1562 621

0010160105, y 0170 10111 0110000516 dixe, para 006 061105 00016556
01500061 0 50 1701110100 001 16510106010, y 0105 006 0060000016,
00100 16 0060000, 61 1750110010 06 105 0606110105 y 06 1000 50 110-
216000, y 61 010610 006 65 5601610, 06 006 00010 60 17100 11οΖ61 10
006 001516556, 176010 0 00600116 1000110 06 006 00016556 (11500061;
0610 00 00510, 01 00150 11οΖ61 1005 0610 010110. Υ 10 006 1005 65,
006 avn (16 0010010 00 5010 00 da 0 60160061 006 0170006 16 00606
1000 6510 11061100 006 61 001616, 00 0611010 06 00110 1000 a la
Compafiia, mas antes 0011601100510 contrario 061 00570000 grande
6 instancia 006 111Ζο 01 50110000 sobre 006 00516556 muy 01010
00100 61 00010 60 17100 y por 16510016010 11οΖ61 (16 50 110216000
1100 10 006 001516556, 1601116000 6510 100105 16265, 006 100511000
0160 60 00061 00010 16061 50 11165010, 0065 10010 161110 60 61 50
0010200. Imo 61 10 06210 01010 006 06 0006110 00 012165560105
0050, 5100 06 105 0606110105, 006 06 10 0110 110 005 0100110011οῃ
5100 0100005 110005 1716]’05. Y no 5010 hizo 6510 0551, 0610 017160-
(1056 0001601000 61 010 006 116ῑί1005 61 00110001 06 10 501101010
000 006 00061101601100 06 1611101100 106556 60105 0005 1700005 006
00 56 0011116000 00150 y no 60 105 060105, (1650065 0110 010 106 01
50110000, y 16 01Χο 006 01710 06 561 10005105 0005 06106100106016,
y 006 61 1105 10 01116556, 001006 51 0551 no 0061101005, 00 16 1065-
561005 0 1100101 01 100165101 60 6110...

3. Τ6061005 5050601ιο 006 Αο05110 Χο016Ζ, 006 65 1711 1611000
y 000000 061 H.0 Montoya, 0170006 005 ama y fauoresce 60 10
006 56 01116506, 60 6510 16 da 0005610, 0016501600016 0 61 006 65
5011016016 10 006 haze para sufrir 10 00100 006 0006, y 00016000
105 0305 611 61 010060110 061 006010, y 06 505 111305 y 060005.

4. Αν61005 601600100 1005 01010 10 006 yo 51610016 116 0165700,
y 65 006 10005 505 005105 500 06 061101· 0001 1700 600100160010 06
1701061510οᾶ 000 6510 50 hazienda; y como 61 110 0100000 1700 via y
otra, 60160061005 006 50 11000 65 000 65105 0606110105 50001 00010
65105 000110 160110065, scilicet: 1700 06 0101001100, y otra 06 00505,
y 0110 06 01165, y 10 06 161110110οε y 0650065 000 50 hazienda
50001 005 160110065 06 theologia scolastica, 11οΖ16000 170160010 60
50 testamento, 60 006 100006 0 10 (3011100010 000110, 0 01000, 0
5617510111 0000005 006 1701010 50 hazienda, 000 00100 006 11000

