28 JULn 1 561 503

0116113. Ε513 (11Ζ6 1611131161 entendido 611 61 63111100, 57611610 111650 31
(335710.

7. 136 10 (1116 1063 3 135 1115113610065 (16 V. R. (16 105 6011651105
(16 65535 1131165, 00 ay tanto que respondes, quanto que (131
gracias 3 13105 01165110 86001, (1116 (1111616 561111156 (16 511 11111115-
16110 101157 (16 116135 600 13 gente (16113 (3010113013 ((1116 113 (16 ayudar
3 01105 1111161105) 601110 11611105 1101 161135 (161 Ρ. Μ1100 (16 105 (16
Portugal. Asi 5116131005 60 13 bondad diuina (1116 60 101135 1131165
5613 600 V. R. 511 11016016 10300 11313 11135701 561111610 y gloria
511573. Lo (1116 5311611105 65 113513 28 (16 Μ3570.

8. 136 (131 31 Ρ. Roman los 60 5611(105 (1116 1116510 11313105 (16
(361(16113, V. R. haga 10 (1116 1131661616 600116011, 111651111116510 (1116
110 56 11657 (1116 aui tengan posibilidad 11313 pagar 3 Roma.

9. Lo (1116 V. R. 113 01(1603(10 (161 (106101 Α11611306(13, 1131666
bien 3 01165110 Ρ3(116 ¹.

10. Por 10 (1116 6016011611105 363, 11060656 5116131 (1116 61 600-
61110 5713 3(1613016, 111165 61 1657 Philippo 61111113 5115 011151105, 5*
5311656 1101 161135 (161 0110110 31105101160 (161 (16 polonia 61111113 algu-
005 5115105, (y 10 (1116 65 11135 11116110) 61 1657 (16 Μο561101113 5* 61 113-
111316113 (16 000513011001113 6111111311 gente. Plega 3 13105 01165110
861101 (1116 56 haga 6053 (1116 101116 611 111116110 561111610 511570 y 11160
60111110.

11. 136 10 (1116 1063 3 13 1110111551οη (16 13 6353 (16 13 11131-
(111653, 11160 6160 (1116 V. R. 00 56 (165611511313. LO (161 Ρ. D. Ig-
113110 1131666 561 (16 10 11135 616110, 56111111 10 (1116 56111110 61 Ρ. Ra-
1111361 ⁶², 111165 573 56 ubo 13 6010111361011 in foro conscientiae.
Quando V. R. tornare por 13 prouincia (16 Arag0n, 11311313 4
buenos sugetos, (16 105 (1113165 113 56111110 3 111165110 Ρ3(116 611110-
11106131 (16 3111, 57 1101 6161105 571006311060105, 01165110 Ρ3(116 56
’16101116 3 V. R. quanto 31 36661131105 0 110. En 10 (1611135 (1116 56
5611116, 11316660 11116005 57 (106105 subiectos. Los 01105 (1651103005
11313 Roma, 56 511613130 3113 31 86111610016. ΝΟ 6160 105, 1161611105,
51 00 111656 36350 31 1135531.

¹ Vide epist. 131, n. 4.
2 Sc. sanctus Franciscus de Borja.

