574 EPIST. P. NADAL——162

(163 06663311131163 006 633 6333 11606, asi (16 166111063136 6113, 60100
(16 61110631· 13 yglesia. Mas 3013 006 1101 30 63113 116 coligido la
voluntad (16 V. m. no ser 13 006 yo 60160111 0030110 600 V. m.
1131116, y segt'm 13 0031 yo 11126 113261 61 1061001131, 006 61 P. Ca—
rrillo 16 11103110, 11010316 01 1033 01 106003 006 00 1661113 V. m. ni
36 16 (16 11633110101116 ninguna 60 6110, 60100 60100263 00 36 16
111613 31 yo 60160111613 ¹ 006 00 36 16 113213 10110 36101610 60 61
86001. Ρ1163 006, 301106310 006 110110113, 13010 3 103 fundadores
(16 6011611103 116 13 (3010113013, 60100 3 6113, 006 63103 0061160 30-
0616016106016 (10131103 11313 13 11611161010311 (16 103 101013161103 006
60 61103 36 1130 (16 113261, 00 3010 1130 (16 16061 respecto 3 30133133
166110063, 1033 131011160 3 006 13 0010113013 1106113 16061, 31160116
(16 103 (1116 1130 (16 1631, 1133131116 0010610 116 3113 631011130163, 11313
(1116 103 10131003 6011601103 11061130 6006011131 y 001111 11313 31 10363-
tros que (16311063 30661130 60 103 10131003 101013161103 (16 103 006
60 61103 6036030; 11011106 00 1601600036 6316 163116610, y 63116130110
3 0116 103 sugetos que 113 106063161 vn collegio 36 103 1110063 0110,
1132160110 63(13 collegio 10 1013100 , y 63116130110 (16 631311130613103
vnos 3 103 01103, 6313 61310 006 60 breue 11610110 36 36303130 103
30116103, y 36 60030101130 103 collegios (16 13 (ἶο10113013; y 6160
yo que no 363 6316 61 1016010 (16 103 fundadores y 111601166110163
116113; 60010 131011060 1116030 361 61116 V. m. Y 11063 1101 103 163-
1166103 006 60 311 63113 63611116, (1126 00 361 30 1103311111111311 11313
1033, tengo 006 3613 muy mejor 3 V. m. y 3 13 (3010113013 006 36
006116 13 1001136100 (16 13 1030613 006 113313 30οἰ 631303; 13 (11131
116 30 113116 601011111313 (3010113013 600 13 gracia y fauor (161 36001,
60100 10 11606 111010611110, y 331 0060313 3 V. m. 1111611311 (16 161116-
(1131, 60100 63 13200, 133 06663311131163 006 signifiea, 133 003163 31
(1030110 yo 1131116 3 V. m. 106 (1111613, y 10 006 3013 106 3611116, yo
1631100111613 60100263 10 006 3013 30οί digo3 1113311316 00610 006
V. m. 106 111Χο 16061 1166110 1101 16313106010, 36 11121636 1101 11003-
6100, y 10 1161033 006 1310111611 01133 116263 36 113 11313110, 11063 006
alias no podia 13 0010113013 sufrir 13 carga 006 yo 16 110013,

2. En 10 006 1063 3 13 11603 006 V. m. ha 1666111110 116 006 61

¹ Μ3., entendierla.

